name: FunVIP
channels:
  - conda-forge
  - bioconda
  - defaults
dependencies:
  - _libgcc_mutex=0.1=conda_forge
  - _openmp_mutex=4.5=2_gnu
  - aria2=1.37.0=h347180d_1
  - blast=2.15.0=pl5321h6f7f691_1
  - bzip2=1.0.8=hd590300_5
  - c-ares=1.28.1=hd590300_0
  - ca-certificates=2024.2.2=hbcca054_0
  - curl=8.7.1=hca28451_0
  - entrez-direct=21.6=he881be0_0
  - fasttree=2.1.11=h031d066_3
  - gawk=5.3.0=ha916aea_0
  - gblocks=0.91b=h9ee0642_2
  - gettext=0.22.5=h59595ed_2
  - gettext-tools=0.22.5=h59595ed_2
  - gmp=6.3.0=h59595ed_1
  - icu=73.2=h59595ed_0
  - iqtree=2.3.3=h21ec9f0_0
  - keyutils=1.6.1=h166bdaf_0
  - krb5=1.21.2=h659d440_0
  - ld_impl_linux-64=2.40=h55db66e_0
  - libasprintf=0.22.5=h661eb56_2
  - libasprintf-devel=0.22.5=h661eb56_2
  - libcurl=8.7.1=hca28451_0
  - libedit=3.1.20191231=he28a2e2_2
  - libev=4.33=hd590300_2
  - libexpat=2.6.2=h59595ed_0
  - libffi=3.4.2=h7f98852_5
  - libgcc-ng=13.2.0=h77fa898_7
  - libgettextpo=0.22.5=h59595ed_2
  - libgettextpo-devel=0.22.5=h59595ed_2
  - libgfortran-ng=13.2.0=h69a702a_7
  - libgfortran5=13.2.0=hca663fb_7
  - libgomp=13.2.0=h77fa898_7
  - libiconv=1.17=hd590300_2
  - libidn2=2.3.7=hd590300_0
  - libnghttp2=1.58.0=h47da74e_1
  - libnsl=2.0.1=hd590300_0
  - libsqlite=3.45.3=h2797004_0
  - libssh2=1.11.0=h0841786_0
  - libstdcxx-ng=13.2.0=hc0a3c3a_7
  - libunistring=0.9.10=h7f98852_0
  - libuuid=2.38.1=h0b41bf4_0
  - libxcrypt=4.4.36=hd590300_1
  - libxml2=2.12.7=hc051c1a_0
  - libzlib=1.2.13=hd590300_5
  - mafft=7.525=h031d066_1
  - mmseqs2=15.6f452=pl5321h6a68c12_2
  - modeltest-ng=0.1.7=h103dbdd_2
  - mpfr=4.2.1=h9458935_1
  - mpi=1.0=openmpi
  - ncbi-vdb=3.1.0=h4ac6f70_2
  - ncurses=6.5=h59595ed_0
  - openmpi=4.1.6=hc5af2df_101
  - openssl=3.3.0=hd590300_0
  - pcre=8.45=h9c3ff4c_0
  - perl=5.32.1=7_hd590300_perl5
  - perl-archive-tar=2.40=pl5321hdfd78af_0
  - perl-carp=1.38=pl5321hdfd78af_4
  - perl-common-sense=3.75=pl5321hdfd78af_0
  - perl-compress-raw-bzip2=2.201=pl5321h87f3376_1
  - perl-compress-raw-zlib=2.105=pl5321h87f3376_0
  - perl-encode=3.19=pl5321hec16e2b_1
  - perl-exporter=5.72=pl5321hdfd78af_2
  - perl-exporter-tiny=1.002002=pl5321hdfd78af_0
  - perl-extutils-makemaker=7.70=pl5321hd8ed1ab_0
  - perl-io-compress=2.201=pl5321hdbdd923_2
  - perl-io-zlib=1.14=pl5321hdfd78af_0
  - perl-json=4.10=pl5321hdfd78af_0
  - perl-json-xs=2.34=pl5321h4ac6f70_6
  - perl-list-moreutils=0.430=pl5321hdfd78af_0
  - perl-list-moreutils-xs=0.430=pl5321h031d066_2
  - perl-parent=0.236=pl5321hdfd78af_2
  - perl-pathtools=3.75=pl5321hec16e2b_3
  - perl-scalar-list-utils=1.62=pl5321hec16e2b_1
  - perl-types-serialiser=1.01=pl5321hdfd78af_0
  - pip=24.0=pyhd8ed1ab_0
  - python=3.12.3=hab00c5b_0_cpython
  - raxml=8.2.13=h031d066_1
  - readline=8.2=h8228510_1
  - setuptools=69.5.1=pyhd8ed1ab_0
  - tk=8.6.13=noxft_h4845f30_101
  - trimal=1.4.1=h4ac6f70_9
  - tzdata=2024a=h0c530f3_0
  - wget=1.21.4=hda4d442_0
  - wheel=0.43.0=pyhd8ed1ab_1
  - xz=5.2.6=h166bdaf_0
  - zlib=1.2.13=hd590300_5
  - zstd=1.5.6=ha6fb4c9_0
  - pip:
    - biopython==1.78
    - contourpy==1.2.1
    - cycler==0.12.1
    - cython==3.0.10
    - dendropy==4.6.1
    - et-xmlfile==1.1.0
    - ete3==3.1.3
    - fonttools==4.51.0
    - funvip==0.3.20.0.0.0
    - genmine==1.0.13
    - joblib==1.4.2
    - kiwisolver==1.4.5
    - lxml==5.2.2
    - matplotlib==3.9.0
    - numpy==1.26.4
    - openpyxl==3.0.9
    - packaging==24.0
    - pandas==1.4.2
    - pillow==10.3.0
    - plotly==5.9.0
    - psutil==5.9.8
    - pyparsing==3.1.2
    - pyqt5==5.15.10
    - pyqt5-qt5==5.15.2
    - pyqt5-sip==12.13.0
    - python-dateutil==2.9.0.post0
    - pytz==2024.1
    - pyyaml==6.0.1
    - scikit-learn==1.4.2
    - scipy==1.13.0
    - sip==6.8.3
    - six==1.16.0
    - tabulate==0.9.0
    - tenacity==8.3.0
    - threadpoolctl==3.5.0
    - unidecode==1.2.0
    - xlrd==2.0.1
    - xlsxwriter==3.2.0
    - xmltodict==0.12.0
prefix: /home/cwseo/anaconda3/envs/FunVIP
